60,5
60,4
60,3
60,2
60,1
60,0
0,278
59,4
59,3
59,2
59,1
59,0
58,3
58,2
0,9
58,1
58,0
0,273
0,270
10,65
10,287
10,101
10,107
10,97
11,25
11,5
11,27
11,12
11,28
11,30
8,7
8,11
54,4
54,3
54,2
54,1
54,0
53,4
53,3
53,2
53,1
53,0
51,3
51,2
51,1
51,0
50,5
50,4
50,3
50,2
50,1
50,0
49,3
49,2
49,1
49,0
20,3
20,2
20,1
19,3
19,2
19,1
12,3
12,2
12,1
11,24
11,23
11,22
11,21
11,20
11,18
11,17
11,15
11,14
11,13
11,11
11,10
11,9
11,8
11,4
11,3
11,2
11,1
10,285
10,265
10,223
10,217
10,179
18,1
10,139
18,3
10,131
10,129
10,117
10,115
10,113
10,81
14,1
10,79
14,3
10,71
13,1
10,23
13,3
10,3
10,2
